---
source: src/energy.rs
expression: fmt_estimate(&session.cumulative)
---
server_joules:        49250.0000 [16416.6667 .. 147750.0000]
facility_joules:      59100.0000 [19700.0000 .. 177300.0000]
facility_kwh:         0.01641667 [0.00547222 .. 0.04925000]
carbon_grams:         5.745833 [1.915278 .. 17.237500]
local_gpu_seconds:    4857.1429
local_kwh:            0.40476190
local_cost_usd:       0.06880952
solar_offset_seconds: 869.12 [289.71 .. 2607.35]
water_onsite_ml:      2.4625 [0.8208 .. 7.3875]
water_offsite_ml:     24.6250 [8.2083 .. 73.8750]
water_total_ml:       27.0875 [9.0292 .. 81.2625]
api_cost_usd:         0.8000
api_markup_ratio:     11.63
